40.6665875097692
40.6784867492198
40.5998084142575
40.6175673160943
40.7143394939935
40.7916523500249
40.8005590858048
40.7292057951864
40.7532199291845
40.7490546706085
40.6609944585817
38.9962071932467
38.9614005154765
38.9381545320739
39.0788984258721
40.8377346033077
40.8377346033077
40.8831107806302
40.9077802515069
38.5241394042969
38.4685363769531
38.7077140808105
38.7953453063965
33.4136301699617
33.3732084677927
33.4280828890754
40.0677174866262
39.9760149034563
39.9871631180866
25.4804286236799
26.1793003082275
26.5322723388672
47.6993431274679
47.7553943974153
47.5173276931226
34.2430955947492
34.3823767402857
33.8256050190507
37.5758033375583
37.8768587606888
37.6859990796181
37.4660979087165
40.7451545655034
33.5775667696072
39.9847861520773
26.1180992126465
47.685714288367
34.101011924908
36.1936372347
36.2345447488
36.0150030591
36.1257785585
40.927955
41.022872
40.855153
41.900425
41.737173
41.491529
40.78595
41.77117
41.4811
41.5244
41.5205