-73.8830092325694
-73.9716387729985
-73.9385565185842
-74.0002511295821
-73.9783896644132
-73.9693478828185
-73.9473684707957
-73.7555431517841
-73.8842977517553
-73.9187706945134
-73.8454648940358
-77.0898681997577
-77.0739996811784
-77.0656875352079
-77.0500853418371
-73.8618025934729
-73.8618025934729
-73.9212453413708
-73.9025768857695
-90.3121643066406
-90.3760452270508
-90.2698593139648
-90.2058792114258
-112.605812600303
-111.602125919385
-112.496547310057
-75.0764604391247
-75.1786003814711
-75.1862338204704
-80.4256357381565
-80.1410980224609
-80.1300048828125
-122.395610510952
-122.305764516646
-122.275152683751
-118.427610513239
-118.550562688364
-118.281161297494
-122.012044535507
-122.078250641083
-122.094516147761
-121.900873639257
-73.971855164776
-112.21954995412
-75.110396933127
-80.149299621582
-122.340967372417
-118.064638782714
-115.068968492
-115.327274645
-115.120716573
-115.08848819
-73.048076
-72.204989
-72.572405
-87.624262
-87.869998
-81.611008
-73.196244
-87.888795
-81.9136
-81.5531
-81.587